213
0			400			627
1			477			555
1			512			535
1			547			555
1			849			555
1			881			535
1			914			555
1			1520		487
1			1553		505
1			1570		537
1			1644		570
1			1671		554
1			1710		570
1			1740		553
1			1760		379
1			1770		570
1			2017		555
1			2017		520
1			2017		520
1			2050		490
1			2130		491
1			2166		520
1			2166		555
1			1546		379
1			1494		282
1			1494		252
1			1494		314
1			1808		186
1			1838		203
1			1777		203
1			1984		203
1			2012		184
1			2042		203
1			2289		200
1			2324		200
1			2350		242
1			2350		290
1			2350		342
1			2350		394
1			2350		446
1			2430		508
1			2256		533
1			2272		516
1			2287		533
1			2410		586
1			2528		610
1			2880		485
1			2880		534
1			2880		585
1			3103		586
1			3136		567
1			3171		586
1			3343		588
1			3370		563
1			3401		585
1			3503		586
1			3539		569
1			3572		587
1			3907		588
1			3841		587
1			3874		564
1			3951		363
1			3904		377
1			3858		409
1			3535		412
1			3502		390
1			3472		412
1			3360		412
1			3390		390
1			3423		412
1			2930		344
1			2896		327
1			2864		344
1			2930		235
1			2896		215
1			2864		237
1			3339		54
1			3311		72
1			3297		108
1			3615		185
1			4320		15
1			4281		30
1			4320		49
1			4354		30
1			4092		587
1			4127		572
1			4160		591
1			4637		411
1			4251		422
1			4132		455
1			1650		414
1			1650		374
1			1650		334
2			3903		437
2			4385		132
3			2537		111
3			3093		250
3			2259		651
3			4182		402
3			2390		654
3			3228		398
3			3031		103
3			1904		330
11			2686		489
11			3768		453
7 1149 628.5 8 11
7 1189 613 6 8
7 1229.5 602.5 5 7
7 1270 595 4 8
7 1308 587.5 4 9
7 1349 580 4 8
7 1387.5 571.5 3 9
7 2291.5 577.5 5 5
7 2322.5 568.5 5 5 
7 2356.5 561.5 5 5 
7 2387.5 553.5 5 5 
7 2419.5 544.5 5 5 
7 2452.5 537.5 5 5 
7 2508.5 528.5 5 5 
7 2555.5 523.5 5 5 
7 4350.5 655.5 5 5 
7 4384.5 645.5 5 5 
7 4424.5 637.5 5 5 
7 4470.5 630.5 5 5 
7			4794		457.5			44		463
7			1450		622				48		88
7			4736.5		114.5			71		231
7			1460.5		223				31		454
7			2220.5		486.5			43		407
7			2510		121.5			28		245
7			2625		298				36		246
7			3042		477.5			32		91
7			3579		236				44		208
7			-6.5		343.5			27		691
7			2387		-16.5			4776	29
7			3187		311				20		28
7			2735		547				9		52
8			3116		676.5			3306	25
8			3923		467.5			112		23
8			3884.5		482.5			115		23
8			3952		451				68		22
8			4623		642.5			300		37
8			2536		529.5			54		9
8			2486		538.5			66		15
8			2442.5		546.5			45		15
8			2411.5		554.5			45		17
8			2379.5		562.5			45		15
8			2344.5		570				43		14
8			2313.5		575.5			43		9
8			2266.5		584				47		10
8			1896.5		440.5			291		5
8			1526.5		440.5			105		5
8			1495.5		391.5			39		5
8			1932.5		280.5			683		5
8			2653.5		520.5			187		5
8			2790.5		569.5			107		5
8			2730.5		408.5			175		5
8			2937		424.5			296		5
8			2787		166.5			84		5
8			2585.5		171.5			133		5
8			2997		295.5			398		5
8			3077.5		168.5			217		5
8			3457.5		487.5			797		5
8			4647.5		504.5			75		5
8			4349.5		471.5			91		5
8			4025.5		440.5			99		5
8			3405		328.5			438		5
8			3558.5		117.5			107		5
8			4183		216.5			1160	5
8			4457.5		86.5			205		9
8			731			635				1462	14
8			1171		624				40		22
8			1212		620				44		30
8			1253		616				45		38
8			1292		611				44		47
8			1332		608				44		54
8			1374		604				44		62
8			1444		572				112		14
8			1654		447				58		8
8			4251		447				33		7
8			4182		430				33		6
8			4133		482				34		7
8			2898		195				34		7
8			3268		192				160		8
8			3428		159				58		6
8			4497		496				82		16
8			2800		416				40		27 
8			4375		666				42		 33
8			4412		660				48		36
8			4452		653				48		40
9			2092		470				4		306
9			1548		263.5			4		239
9			4715.5		465.5			5		221
9			2699.5		217.5			3		269
12			4627			186
4 1057 629 857 1106
5 1804 641 1616 1900
6 2130 650
4 1884 430 1782  2022
6 1546 428
5 2067 267 1714 2153
4  3088 155 2981 3158
5 2937 283 2908 3083
4 2903 413 2837 3071
6 3005 644
5 3331 644 3268 3606
4 3220 471 3121 3347
5 3567 472 3457 3716
6 3382 308
4 3941 201 3684 4220
6 4020 426
4 3828	640 3716 4269
5 4617 610 4503 4740
136
0	376	1055    
1 1823 570
1 1186 648
1 1127 176
1 1216 176
1 1172 150
1 1040 1060
1 1100 1060
1 1070 1090
1 1753 164
1 1753 194
1 1753 224
1 1753 254
1 1753 284
1 1753 344
1 1753 374
1 1753 404
1 1753 434
1 1753 464
1 1296 736
1 1346 736
1 1469 596
1 954 328
1 1596 588
1 1603 882
1 1603 918
1 1603 955
1 1905 155
1 1905 185
1 1905 215
2 1372 800
2 2200 668
2 1753 314
3 843 172
3 1469 168
3 1184 605
3 2206 664
3 2124 182
3 2224 182
3 2174 153
6 1011 364
7 2 569 4 1138
7 2259 569 4 1138
7	1528.5	771	79	734
7	1929	748	18	224
7	1654	758	22	42
7	1784	307.5	16	615
7	1337	796	18	50
7	1257	729	21	58
7	1097	477	18	18
7	1128	275	16	113
7	1402	244	23	35
7	1544	110	17	215
7	1255	353	22	45
7	1720	249	16	252
7	776	129	16	187
7 968 493 17 48
7	953	697	16	26
7	799	288	17	118
7 833 648 33 553
7 1129 707 16 437
8 1012 843.5 218 17
8 1132 5 2265 10
8	1140	    1112	2280	14
8	1877.5	1033	185	8
8	1696	989	255	16
8	1877	861	88	7
8	1729	781	187	16
8	1623	733	113	21
8	1600	620	64	19
8	1831	623	186	22
8	1706	543	184	22
8	1873	377	165	10
8	2221	830	96	17
8	2207	717	128	18
8	2179	600	182	10
8	2150	462	240	20
8	2001.5	254.5	265	19
8	2137	217	114	8
8	1173 	921		120	10
8 	1448	940		84	17	
8	1371	829		105	16
8	1319	765		159	19
8	1196	701		168	17
8	1332	658		37	15
8	1148	489	169	8
8	1026	461	169	17
8	1012		406	37	15
8	955	356		37	15
8	1024	285	196	21
8	842	223	146	9
8	2944	1022	84	23
8	2081	863	84	23
8	1457	566	63	18
8	1328	532	80	17
8	1193	329	144	8
8  1481 376 498 8
8  1358 269 113 18
8	1476 221 175 16
8 923 525 103 17
8 880 593 63 9
8 2133 917 85 15
8	1481	376	498 	8
8	1358	269	113	18
8 	1470	221	175	16
8	841	345	142	7
8	1084	782	74	15
8	976	681	64	9
8	905	713	114	8
8 1430 622 118 17
8 1193 218 146 8
8 1719 120 22 8
8 1824 163 64 22
9 1819 234 8 124
9	1801	854	8	130
9	1657	616	8	138
9	1928	468.5	8	179
9	2072	330	8	138
9 1660 179 8 312
9	1048	554	8	172
9	2221	949	8	226
9 	1370	950	8	225
9 1454 754 8 250
9 2056 633 8 330
4 902 1090 673 966
4 1002 827 934 1092
5 1208 1092 1109 1448
4 1689 972 1599 1798
5 2105 1095 1931 2221
6 1875 604
6 1993 239
5 2184 445 2060 2234
5 1464 207 1417 1517
4 1494 366 1285 1680
4 866 335 830 896
12	2228	797


