16
18
1 12 34 48	17 48 
41 12 34 48	17 48
80 11 35 49	17.5 49
122 12 34 48	17 48
163 14 37 46	17 46
206 15 40 45	20 45
252 15 46 45	23 45
302 20 45 40	22.5 40
1 71 43 40	21.5 40
49 71 45 40	22.5 40
99 66 46 45	23 45
150 66 40 45	20 45
193 65 37 46	18.5 46
233 63 34 48	17 48
274 62 35 49	17.5 49
313 63 34 48	17 48
394 63 34 48	17 48
434 62 34 48	17 48
8
2 794 53 41	26.5 41
57 792 55 34	27.5 34
115 792 54 43	27 43
171 796 55 39	27.5 39
229 794 54 41	27 41
285 792 55 33	27.5 33
341 794 56 41	28 41
398 796 56 39	28 39
5				
1 570 45 43	22.5 43
51 570 44 43	22 43
104 570 32 44	16 44
143 557 35 56	17.5 56
185 562 34 50	17 50
3				
464 1550 47 46	23.5 46
1 1606 44 45	22 45
52 1604 41 47	20.5 47
8
204 1693 32 49	16 49
244 1689 43 50	21.5 50
294 1693 41 53	20.5 53
341 1693 26 55	13 55
376 1694 42 49	21 49
424 1683 40 61	20 61
475 1690 43 49	21.5 49
524 1693 29 55	14.5 55
6
1 1693 30 50	15 50
38 1693 27 50	14.5 50
73 1693 23 48	11.5 48
104 1693 23 48	11.5 48
134 1693 27 50	14.5 50
166 1693 30 50	15 50
5
4 1789 42 50	21 50
54 1789 42 49	21 49
108 1788 33 43	16.5 43
148 1785 33 46	16.5 46
191 1788 38 49	19 49
4
204 1693 32 49	16 49
244 1689 43 50	21.5 50
204 1693 32 49	16 49
166 1693 30 50	15 50
12
6 1122 38 49	19 49
49 1127 47 47	23.5 47
101 1129 47 47	23.5 47
153 1130 40 48	20 48
199 1129 38 48	19 48
240 1130 37 47	18.5 47
282 1128 45 47	22.5 47
332 1131 51 44	25.5 44
387 1129 54 44	27 44
444 1123 54 45	27 45
501 1123 57 46	28.5 46
562 1122 56 45	28 45
12
3 1209 47 44	23.5 44
53 1207 34 47	17 47
91 1209 39 44	19.5 44
133 1209 45 45	22.5 45
182 1208 44 48	22 48
229 1208 47 47 	23.5 47
281 1207 47 45 	23.5 45
331 1208 48 37	24 37
383 1202 41 43	20.5 43
429 1198 34 47	17 47
465 1198 33 47	16.5 47
501 1199 33 46	16.5 46
1
229 1208 47 47	23.5 47
2
543 1192 42 56	21 56
593 1192 42 55	21 55
3				
444 1123 54 45 	27 45
501 1123 57 46 	28.5 46
562 1122 56 45	28 45
1
234 678 56 20	28 20
2
363 677 63 21	31.5 21
431 677 63 21	31.5 21
3
234 678 56 20	28 20
296 674 64 24	32 24
234 678 56 20	28 20
22
5 2590 34 51	17 51
48 2594 35 47	17.5 47
92 2598 40 43	20 43
137 2599 48 42	24 42
191 2597 51 44	25.5 44
248 2600 46 49	23 49
299 2608 57 43	28.5 43
360 2605 62 41	31 41
431 2604 48 37	24 37
482 2603 42 39	21 39
539 2602 206 42	103 42
5 2661 199 47	99.5 47
230 2669 53 39	26.5 39
299 2673 65 35	32.5 35
374 2661 69 47	34.5 47
453 2654 65 46	32.5 46
531 2653 63 33	31.5 33
605 2651 43 42	21.5 42
657 2654 25 44	12.5 44
690 2667 24 32	12 32
728 2677 16 15	8 15
755 2673 26 19	13 19